4
64
16
16
64
-1345.011911774137
-1897.8208308435571
-742.1553240862288
-1067.0178712540499
-943.9937085932665
-959.2347911761885
-1388.0966587269347
-1488.0048214926137
-1252.8267756794644
-961.736612147626
-1219.5655024673474
-653.6132693505224
-1412.5977633860407
-1268.9765771072755
-1305.7216166466915
-1290.1210413023332
-1713.1902675620743
-501.22153951181673
-1922.3911606401546
-1056.1982778572326
-1152.9787347478825
-1436.4919669553597
-1363.9482195775586
-1280.2270461175067
-1682.6384235980856
-2279.4719169010427
-1055.27763923992
-941.4483018600463
-1081.2347102335718
-1522.5493344032438
-1069.651584949478
-1812.2976233859931
-1337.2529541235965
-972.8256183217263
-1190.0470717076453
-1493.3212734890317
-1729.2030688532527
-1082.0440348451204
-1806.9927543552665
-863.2824721206343
-1384.1827865755793
-1568.8852874874005
-978.1225072799875
-1794.9009731224405
-969.868503313759
-1314.589649144049
-1317.2391282626131
-1142.38151294187
-937.8255412185708
-1610.2558676764027
-666.1239277323182
-1007.4937802228081
-1737.950581429572
-1004.8425222213504
-885.8583858427503
-1215.4452839397486
-1204.6290574731092
-970.9595352763546
-1407.3084662926829
-1454.0365483223907
-1752.3678941810638
-729.5021825499646
-825.8072276160595
-1421.5844356681887
-1491.2307116184015
-2104.873282023949
-823.0414757871542
-1179.8262173039798
-1045.6106285942114
-1064.4780951816185
-1540.9312167059481
-1653.4431369764138
-1390.4542496527547
-1061.708969127247
-1347.4124843866084
-726.0078139324382
-1563.1837492788932
-1408.3143482646778
-1450.3805147528328
-1428.5129165382116
-1900.121314174879
-551.9930038479325
-2132.1720240621853
-1173.025593694552
-1280.3182723168202
-1592.535150958998
-1508.8805133362157
-1420.399716522657
-1869.4131882580764
-2527.118609396513
-1168.002351840953
-1046.7207324429187
-1194.8828640402596
-1687.852833462229
-1184.5104420418083
-2015.652904522692
-1483.5114832843435
-1081.5055913764422
-1317.0860412667937
-1655.691006573853
-1924.0356600842133
-1199.279492524914
-1998.1652698683408
-955.3855761316098
-1532.372072576981
-1742.0549168016212
-1084.600551464556
-1986.4810302746212
-1075.8543391944136
-1459.1559580205699
-1464.3407014121947
-1269.728318133611
-1038.3961444341994
-1783.2015648762344
-739.0929661134173
-1116.2207644618393
-1929.5523469029033
-1113.5146269579704
-982.6908537154261
-1346.5900768062095
-1336.8574170953113
-1076.009548691269
-1560.3970892652496
-1614.6325282651783
-1947.1009971115532
-807.8171591199582
-912.3912390202546
-1576.9157349745074
-1472.4201363511324
-2072.8638918720076
-808.9615976645543
-1167.6794482995406
-1029.4831493238305
-1048.781002677973
-1522.1435009750332
-1626.7877339294048
-1371.4104720228436
-1051.8618723496982
-1331.0839503598916
-719.4390864032476
-1544.5219678600158
-1389.3731463740771
-1430.2883844704054
-1409.9200297975249
-1876.5073485395537
-543.1575294759607
-2100.1246185445157
-1160.6037157500261
-1260.7644417310028
-1575.5199210209073
-1489.80621907628
-1399.3569357590384
-1838.5039585150867
-2494.762759950282
-1152.9075924006504
-1031.247576283494
-1183.9798205765617
-1660.1450296462642
-1170.4012738646202
-1987.4130467346765
-1459.5745910403077
-1066.9803846205166
-1302.4848856041249
-1632.2203144829832
-1893.1571350124188
-1181.0403221038378
-1976.8888181923262
-943.3000206665423
-1517.739150075843
-1715.765701046415
-1070.0776702508213
-1962.8092759904164
-1060.7777802129312
-1437.7298387601488
-1445.4850940641434
-1256.2250850620555
-1022.9679628382892
-1758.2234922217576
-728.67687121138
-1098.4012882901573
-1903.7120200084908
-1096.1190015388827
-968.393752136977
-1330.9124510168006
-1314.3077703202875
-1061.9907190319461
-1538.9767602217482
-1589.4664813861207
-1919.5811290139486
-800.0338727526375
-897.707370871724
-1553.3598289354634
-1160.735054195144
-1635.2365564960414
-637.5873457188485
-917.5568132997203
-811.5209597861333
-827.6608698135
-1198.2584892453137
-1284.1071815626956
-1079.8452716791955
-827.9687648548902
-1049.113275769801
-563.2744316392882
-1215.563496578039
-1093.313124333585
-1128.0898911431104
-1111.7521331845774
-1477.3121077793917
-429.84054728475843
-1657.8794990264348
-911.4647579063288
-996.2059924023489
-1241.6921963182442
-1173.383299095598
-1104.503237010891
-1453.0889411576234
-1961.5582030143155
-907.6988525815233
-811.5765770149155
-931.3875599433673
-1311.712386017042
-922.643453069764
-1565.622866680018
-1153.8189345807546
-839.774226176734
-1024.490598999919
-1290.2259373481704
-1492.408602693463
-932.9606759835822
-1559.0217410926064
-742.0980171399862
-1193.7706930990116
-1353.4655878260544
-843.3694417051444
-1548.8100322850064
-838.2440638056365
-1133.2912417877353
-1136.0765439780805
-985.9118235827016
-808.9589733540823
-1387.0439121198724
-573.0325719403243
-868.3868872399289
-1499.6780987271043
-870.6116193486034
-764.6838088274804
-1046.4716546560971
-1037.688686215083
-837.9030536467698
-1214.2862077650407
-1251.7010883969372
-1511.2434258541052
-630.1295006040899
-711.1349258873403
-1225.2802605760303
-1296.283161136796
-1824.2532799982419
-712.1885002204647
-1025.7092010537638
-907.2042559878097
-921.8851154496601
-1334.1014100239345
-1429.8692594690472
-1204.123328535941
-924.9412078884383
-1173.3722088317909
-630.674193596291
-1357.3851099198027
-1218.4522691675684
-1256.3200277382293
-1239.4186019350122
-1648.0394806771703
-478.4903113572971
-1847.9345026242643
-1017.1550036976162
-1108.643762256851
-1382.7458876531584
-1306.737492729809
-1229.3782311540501
-1615.5171428052615
-2191.7464045348247
-1012.0880162246543
-905.1141584982647
-1042.496687550899
-1461.4914279027062
-1027.3347399405243
-1742.4859410587203
-1285.329441978763
-936.9498403079415
-1144.2757568587722
-1434.885204803443
-1660.7369332946828
-1038.1462219749133
-1739.472504433686
-827.0112890637585
-1333.8629003652698
-1507.8016629371202
-940.1139230067947
-1725.1734261029933
-935.0090930501611
-1263.5166024453288
-1268.4598559786727
-1099.9040577825333
-900.5523478819606
-1548.659156667343
-641.5451298737938
-966.1455317848903
-1673.7393344918194
-967.2584226324009
-851.5437488883213
-1170.5697243043326
-1156.2703028015862
-934.0715295963527
-1353.2796802536338
-1396.564532775397
-1686.2464520042477
-701.2160901477397
-790.7831498787737
-1367.7987535490442
-1522.4282164421206
-2142.7165938920707
-838.7408902352536
-1202.909584954658
-1067.3704330032874
-1084.037252866687
-1567.1449510615198
-1684.0904591014714
-1413.9304779179186
-1084.408093001307
-1375.4539166977788
-740.0379223098903
-1593.0311511730586
-1434.7076282959424
-1474.830169820084
-1456.5144915397414
-1935.3809026661397
-564.8308162698244
-2173.3343358407574
-1197.1944171029388
-1305.1288343131798
-1625.1947116450851
-1534.6198046004947
-1447.938844815848
-1905.4088021164146
-2569.270030896076
-1190.2108093524987
-1066.343818523274
-1222.532067268322
-1717.7713623810814
-1210.8046604868177
-2047.7039349178326
-1511.8043119108302
-1100.3106176926149
-1342.8504944059966
-1686.0894068615212
-1953.5421659044755
-1220.9629925669171
-2041.3013038709846
-973.1033475058822
-1561.9159313748894
-1775.7198165309978
-1104.4187987733392
-2027.1977857779982
-1096.238226178612
-1483.3978444970658
-1488.2996033679246
-1293.11553184896
-1058.515944760583
-1818.9452619515139
-752.0410692652904
-1136.6580313928898
-1964.2403059621288
-1136.8179011836696
-1001.8076312423348
-1372.1616921380823
-1359.3696741509818
-1096.1547337456238
-1592.3782230668571
-1641.4111954188159
-1980.350143235894
-823.7680245572614
-930.2755101976034
-1605.4985004543335
-1589.2244162155373
-2242.904755496796
-875.5709495537004
-1259.6671359012178
-1115.0565266067135
-1132.9556360540523
-1641.4360790220862
-1757.4761035613471
-1479.937171040631
-1133.8742941466858
-1438.1125852426928
-774.8613332408594
-1666.3172374440323
-1498.6791340895215
-1545.0413676933942
-1526.1667654173166
-2023.1038889485721
-590.7456936420357
-2270.437413535957
-1249.6141351841393
-1363.8175318639667
-1697.0341664330892
-1609.3501579255046
-1513.4338815122373
-1986.6472369742733
-2692.5060706423997
-1248.2276596957022
-1111.092525374453
-1277.7570851823946
-1798.0627025857514
-1264.305718532865
-2143.8204744425584
-1580.8646515815742
-1151.0498990057208
-1405.433907693756
-1760.5316384617233
-2044.3406114867817
-1275.2591321724306
-2132.586971671427
-1019.0670090721293
-1634.5376210512989
-1851.7274648539437
-1156.676181862424
-2121.4821646720593
-1146.8612156552585
-1552.6269071160598
-1558.031520660188
-1350.2863604841914
-1106.2257260753506
-1898.2227001380668
-786.1647436465366
-1187.2994077694239
-2052.518084216652
-1185.1714698575556
-1044.465707952281
-1432.6150532450345
-1422.3040438788935
-1145.9724631350193
-1661.6256212899727
-1717.5960911258185
-2071.539673163973
-861.622558752548
-973.2165254147441
-1676.706165429311
-1587.304386777186
-2230.1797452190467
-868.5009252616518
-1256.192415998004
-1108.8512358541836
-1129.2344086592802
-1636.32802024403
-1755.94420444992
-1474.5175250182547
-1135.6816239436203
-1436.682278842995
-771.8192477743454
-1666.582796646753
-1490.2638861470964
-1536.6028486348287
-1514.453375074704
-2022.6105133668102
-584.2175909508449
-2265.8128498840747
-1246.2696152552162
-1357.8296705557345
-1696.0123283967162
-1598.80429797607
-1504.1680053766347
-1979.8906839960193
-2682.176733112217
-1242.5857046635772
-1112.7520859124033
-1276.615914632599
-1790.6030953333561
-1260.2624663381819
-2136.856949668072
-1571.3957665997084
-1147.6500409274151
-1404.8251616260957
-1761.0431454297477
-2037.1318220958296
-1268.8925776050664
-2131.8838441739254
-1013.4776294074431
-1632.212653991784
-1847.4297083473348
-1151.1276153866754
-2112.3955323504374
-1141.5693086402778
-1544.3009565046898
-1553.0587082209197
-1347.5477788861433
-1102.3079364578016
-1895.9179466648195
-783.9758694093025
-1183.3203082967989
-2051.823182281905
-1180.1822922448323
-1043.2126264232854
-1432.1267983147595
-1416.9137237365999
-1140.9006989089326
-1659.1145339184104
-1714.0945122186517
-2063.0460144972844
-858.6285348441794
-970.5203554007647
-1672.6633258205359
-1695.1928195852568
-2382.012718007772
-929.3976459994154
-1340.8721276027281
-1185.3948571299215
-1204.0815192516998
-1743.7483876226293
-1867.6144788988177
-1569.335047872841
-1204.8387890687325
-1532.5953292573208
-824.558316785779
-1772.0058386970697
-1593.3855347883248
-1640.9461125977882
-1617.4104786551097
-2149.4218902736657
-624.5055961795064
-2415.0282991090044
-1329.1760645250272
-1449.5471026146174
-1807.9724954199241
-1708.0516489912563
-1606.1396138207738
-2112.363287192868
-2859.754999430235
-1324.7305507673655
-1183.1288282463547
-1361.1320857612325
-1910.6507928106419
-1342.017599938513
-2277.705576414602
-1678.6154730224093
-1226.1911241947869
-1492.157053269282
-1872.339976123655
-2167.7580379344877
-1356.344999391308
-2270.0222127523566
-1082.081362190768
-1737.9477018153314
-1970.6544631259571
-1227.8664191419043
-2253.9360176839946
-1220.6510409128318
-1649.260860761946
-1659.3903976154465
-1435.9315608884995
-1177.5309605068082
-2019.6094623022261
-838.4994622459261
-1260.2086672103096
-2185.451882167275
-1262.2911414967857
-1111.2842572680106
-1529.6001668174817
-1510.8214865328096
-1218.4563886645847
-1766.345372850612
-1823.5435763999699
-2205.3421785735873
-912.30597762334
-1032.6623339431371
-1784.0978080808466
-1431.5828505194547
-2017.385877182228
-788.5693962668513
-1132.9420563138003
-1005.8355231218536
-1020.7033928358959
-1474.0727462485736
-1581.6074373239453
-1333.8374317194214
-1023.0791631819513
-1297.234027679158
-696.5906706624436
-1500.557112390267
-1351.107015919452
-1385.5802675350644
-1370.9144189761394
-1823.9266800724856
-532.8509813659755
-2044.740421227065
-1125.552750832621
-1226.1107782554739
-1529.525874196404
-1447.4590834829917
-1363.2918467738828
-1793.1348606283063
-2419.892800702598
-1116.8603108734487
-1002.6994554934089
-1149.8579739384816
-1616.7119774668686
-1140.1762371836655
-1922.8132028693599
-1418.2833861969382
-1034.2715670512887
-1266.9153295384658
-1589.4217144271759
-1836.7333803662607
-1150.508535947309
-1922.453949531066
-917.6446692202351
-1474.0430101630004
-1671.9134952219565
-1039.522829279841
-1904.4936692335518
-1031.4331481246713
-1395.7220071728043
-1400.021659775936
-1217.925374004864
-996.5676614583791
-1714.6382235671106
-707.0338072158336
-1070.1128352690546
-1849.834864889162
-1068.4330026288096
-943.6933258361514
-1292.2700182518856
-1276.270295665856
-1033.0723626911163
-1497.661622586827
-1546.129255959199
-1861.31991300513
-778.0888126904115
-876.2408122205073
-1514.2220752773133
-1873.981703519633
-2636.55731485385
-1031.1409104729814
-1482.7198513513654
-1308.014888163086
-1336.1344388672624
-1933.4896753975668
-2074.652848727719
-1744.3712494089368
-1337.5666946656927
-1694.713813374148
-910.2077170434997
-1968.2060914585236
-1766.3714699992956
-1820.8610808890805
-1793.687966132453
-2391.0710882656085
-692.2446065042217
-2676.8727487271926
-1473.15218294569
-1605.7525051814864
-2001.086849074844
-1890.289331944766
-1778.7872772475778
-2339.850044295155
-3173.618273094008
-1468.6988631674885
-1313.3644720106495
-1503.380059707906
-2117.5562025340655
-1487.3053280276401
-2526.519016266717
-1861.0798279103476
-1356.2105851497113
-1656.4809503866315
-2081.7799399405812
-2410.2601196782616
-1500.4603123881354
-2517.377471775954
-1198.6691173242348
-1926.1443875203022
-2184.851748309651
-1359.7736856941062
-2498.5228716604106
-1350.1245822950625
-1830.289923555345
-1836.2267971014371
-1592.2293232059342
-1303.5412362760333
-2242.5178431990626
-928.2161257337713
-1400.0418813981514
-2424.3787504549264
-1398.451582942479
-1233.1330239851022
-1691.832475465196
-1677.1337034631533
-1350.0469100807995
-1961.0555866015195
-2024.945917948624
-2441.3307536762513
-1014.6835804432101
-1146.0491900413128
-1979.788366470964
-1851.380815194128
-2613.4367994765316
-1020.268127164045
-1471.1842451630648
-1300.0431031718308
-1320.2760756282892
-1911.8441875950157
-2048.2867311215355
-1720.7075734185562
-1321.2196241223016
-1678.923400225031
-901.230681934532
-1943.7338715114133
-1744.5121815247512
-1799.3537745069264
-1776.207890236586
-2354.9958827579085
-690.2217343996408
-2649.5311936635585
-1456.2114732873608
-1588.6399265107812
-1977.37558183034
-1879.3702047391316
-1762.6989644330954
-2313.79384109007
-3137.146363245059
-1454.1451648173932
-1294.537736607807
-1490.9117179763098
-2095.0628170372033
-1472.9941168765586
-2493.137972018726
-1842.7432802248186
-1340.6710870650102
-1637.1129716482133
-2053.5315804948928
-2374.412442305017
-1488.2679616157939
-2485.8340520298766
-1189.8250420961301
-1906.16591296456
-2158.238526278899
-1346.491444508385
-2473.270820623101
-1335.8554649128002
-1808.0648164174022
-1817.2251050283237
-1574.4653431989389
-1288.6761955442053
-2211.9247262879967
-917.9565149231385
-1383.320778441894
-2392.1013027458225
-1379.8826698776102
-1217.2737385702449
-1671.8376561292198
-1656.6152362538312
-1337.894996639656
-1936.053729109832
-2001.987048878431
-2414.4677033810867
-1001.5851470176485
-1135.000998194181
-1954.0167968908377
-1497.912749708306
-2109.239983636815
-821.4034437611202
-1184.7740116956966
-1046.3893595012041
-1065.7834457264617
-1546.7765167416142
-1656.1992347028531
-1393.4718160874743
-1067.082902917811
-1352.6540695011429
-729.0514137864745
-1568.735879726046
-1410.6906610511157
-1454.0582768371867
-1430.0834206154939
-1907.5411947906412
-551.1203112603167
-2137.9805279609072
-1177.4124340248575
-1282.7179239564498
-1600.2898403319034
-1508.9743293761308
-1421.5856355649717
-1868.6288781890464
-2531.651331485992
-1170.947649125629
-1049.7816585156374
-1203.7426219420154
-1688.3640375583732
-1187.6135280179788
-2018.6067155200103
-1484.7445031173343
-1085.1441856338236
-1321.7572142030704
-1659.8357932511278
-1923.2468895652648
-1198.2554210012925
-2007.2082456113048
-956.3811452829135
-1539.352740119238
-1744.6474662461255
-1086.105594455701
-1992.4627630197263
-1079.4907071747054
-1460.6485538282814
-1468.6478112354118
-1275.4496613572803
-1037.658959951014
-1786.8224031995087
-741.1781975748502
-1116.1520722048895
-1938.1095080440691
-1114.8060172422583
-983.2304597408785
-1351.674044798621
-1337.235300740469
-1077.9738191929716
-1565.012993678198
-1616.404453889143
-1950.5025452885404
-810.8326654997205
-911.2630520925948
-1578.1500643829438
-1467.3184921257275
-2066.7753477680158
-804.3402302640301
-1161.6584672118051
-1027.7407617633148
-1045.6153189479426
-1516.3188029133223
-1624.9781985361894
-1367.3562095774164
-1049.4614470399156
-1325.8769766949517
-714.9247161499604
-1538.944003581359
-1380.1930382868186
-1424.3965681183702
-1403.0814343228524
-1868.1875755505348
-541.029249504918
-2095.58110238868
-1153.6931456435445
-1257.448789180478
-1570.3195031480925
-1482.8077191917089
-1394.7953968350273
-1834.9905859805147
-2481.456662389195
-1147.372224070766
-1028.2468952903846
-1179.3710806428414
-1657.6633989527409
-1167.8366827545037
-1980.479549009184
-1454.0734903065645
-1062.5233885894595
-1299.4958924365762
-1629.19046685978
-1888.7091993918839
-1177.8144152806692
-1969.4780947953593
-938.3495967350028
-1511.6880635887758
-1710.454920238887
-1067.6827107518054
-1954.4948646808195
-1056.2671881812262
-1431.4374472961733
-1438.6626850368389
-1249.0697337324782
-1019.6473799201327
-1751.6653059039454
-724.5878690341012
-1095.6812475972754
-1896.0682811894694
-1092.9175190643257
-965.5183214898599
-1323.6841161146983
-1311.2273673892482
-1057.2369873775458
-1533.6403891681448
-1585.8863900029235
-1910.4101754769974
-796.7495713019501
-897.5685501387808
-1547.0366074381623
-1328.7518531572264
-1878.0082081137496
-733.9716846189909
-1056.4175352323641
-931.6123608722577
-948.5752077045481
-1376.62148178925
-1470.832120612558
-1238.5598912376518
-947.9327490673151
-1203.951493684789
-646.5793310120215
-1396.7583970916241
-1256.5319341598524
-1293.5450714341805
-1274.0879302442183
-1693.5004343566163
-492.37598409007785
-1899.4679402885577
-1045.8174464697781
-1140.6972746234123
-1422.256851682423
-1351.617529127453
-1266.3591507663018
-1664.1512991447235
-2255.722783338355
-1044.5299639327015
-931.8707336320759
-1066.7349442584382
-1504.8355098734369
-1055.722207282219
-1796.4763628017392
-1321.8946670875882
-965.6520647371971
-1173.902816015125
-1476.6441242558087
-1710.4051177585434
-1070.0239572674902
-1784.6506204942589
-855.8729900925022
-1369.040088742683
-1551.2280498964096
-968.3282075052015
-1775.341879478065
-960.938040269349
-1300.4713696616234
-1309.9337083566463
-1132.3317706139942
-925.9406260409265
-1588.258340299545
-660.2995757693151
-992.7977662114008
-1722.962243966118
-991.5459108825986
-873.8534076129473
-1202.9957865615868
-1191.5154170107226
-961.2987799396839
-1390.7968608276262
-1438.6593082115082
-1736.856418099513
-720.3334440704123
-812.7084885600242
-1405.5593631875197
-1442.6013909777432
-2030.4979064772413
-789.0471059185165
-1141.6641770728615
-1012.0519935907981
-1025.9806763448366
-1486.0811577879806
-1593.390459415973
-1338.5509069841016
-1031.8236227066138
-1308.7484173517375
-701.257129998577
-1509.9744290845974
-1351.3322883580174
-1399.0167023459444
-1376.4282055123144
-1832.2056395872892
-532.6642077168481
-2062.092648907655
-1132.686603548028
-1233.8588531455998
-1541.5069733739576
-1456.7358623142118
-1369.37415768435
-1801.0287503908664
-2435.3365208479636
-1125.3252231841936
-1007.9359723004452
-1164.0452918208794
-1628.6099484917472
-1146.6764602643098
-1936.2247129021207
-1428.1631421896323
-1041.4565032124708
-1274.7521397076582
-1599.948617812486
-1845.0929914377373
-1158.855116762829
-1937.3635550915035
-920.0253549100025
-1487.2921896603
-1678.030391269445
-1046.9045941134748
-1919.595321166076
-1040.4507608290683
-1403.393502873719
-1411.3613947374135
-1225.1186287675453
-1003.778651234002
-1720.3391165357111
-713.977526294396
-1076.4197371824953
-1862.675165432218
-1076.0819762594135
-948.566938534332
-1301.8616528853313
-1285.2301348944752
-1039.7784633236868
-1504.6322480046965
-1555.4185694903792
-1874.2897385873591
-780.0430394599234
-882.8479279545736
-1520.2949128113682
-6194.877934887038
-7030.13411610644
-7209.73389443727
-6679.052750080635
-7749.623537667699
-6456.722292731943
-6975.465509264649
-6486.90013059667
-7209.5863040105805
-5441.911136214978
-6898.5881453997445
-7039.922270250444
-7360.207600463527
-5917.827387815124
-6514.9954529501465
-7009.202575253222
-5620.254407319065
-6384.1011887736095
-6557.597601125584
-6065.388998701743
-7038.5763317617675
-5866.845782693465
-6339.040517513299
-5884.296511121555
-6545.381659099849
-4947.734076053554
-6261.814670739398
-6395.349868427125
-6680.3839767046975
-5379.691173190019
-5918.6976191882995
-6357.615753449542
-6269.241279972558
-7119.616887500907
-7302.157349369216
-6769.864020764063
-7848.894465938425
-6540.450584511356
-7063.741688355697
-6561.658085227538
-7290.076688881185
-5513.648440825102
-6988.973909232655
-7131.929918981742
-7443.913299427364
-5999.35433865043
-6591.721668903059
-7098.140322355782
-5816.975324557907
-6602.248846011213
-6777.305794931445
-6281.461316645818
-7277.330530420001
-6074.283119103408
-6552.516717714354
-6089.950547439985
-6761.000103456167
-5117.861282695856
-6479.408381786923
-6610.767688614148
-6910.636261960816
-5565.507573508692
-6126.627342156085
-6582.657623564109
-5989.688034753098
-6801.605589333783
-6971.769896878128
-6458.617189079401
-7497.091818461597
-6244.926413287663
-6747.338439030995
-6271.646116368132
-6963.888959137812
-5263.601870166804
-6676.388742506177
-6812.578206179279
-7114.294709963461
-5736.724694246095
-6300.564656855135
-6775.790681606106
-6107.012951101198
-6930.688209390949
-7109.062014645291
-6587.635160223552
-7636.7779770109555
-6358.65113835505
-6868.130248288199
-6387.029730024994
-7093.67589379418
-5363.8728303290045
-6805.684102076191
-6941.266038923862
-7248.1185964088345
-5834.676944122654
-6416.399309003187
-6909.90219123432
-5921.468328262454
-6718.857805070606
-6895.718770358481
-6390.601350058298
-7409.651527306058
-6176.03684042203
-6664.757191716337
-6197.943089225938
-6887.123625790901
-5205.596206762146
-6596.321941027449
-6736.214321513715
-7033.670032743471
-5661.338678879718
-6225.085683331467
-6695.67219953506
-6043.870323468447
-6860.0114511077
-7042.643428333799
-6521.409920950952
-7567.305604507687
-6297.853232465244
-6805.943514526604
-6320.171251107148
-7022.99200588637
-5319.653524106145
-6726.97223298528
-6863.929941424864
-7179.933379457686
-5778.005189977222
-6354.157432156674
-6835.795696514791
-5587.164294411555
-6344.258721617622
-6503.727175916695
-6025.307207529045
-6992.933945093363
-5821.779125215246
-6283.5339621516305
-5847.765874283856
-6496.91172066358
-4909.9088579705995
-6218.536254747822
-6353.179057153468
-6633.6033932101745
-5332.005461563971
-5874.171941674465
-6318.743002215599
-5849.166640502085
-6646.497934933844
-6829.661327358031
-6319.869338340127
-7333.751771502724
-6105.718257402066
-6601.285393316534
-6132.859990045364
-6814.16541883526
-5148.921269958539
-6519.2895283188855
-6654.30569129457
-6956.391068876772
-5596.048976153792
-6168.785697564864
-6627.542217539249
-6006.024658407609
-6816.833849791884
-6992.11937064252
-6478.183772949018
-7511.417206567356
-6258.1072284916145
-6764.328274876699
-6283.726684732552
-6979.967816730214
-5285.164555786657
-6680.995020298416
-6823.626554455653
-7124.253049127425
-5736.22925422482
-6314.1125264447
-6785.9845946302685
-5858.656477602394
-6654.776452191166
-6833.1278172653065
-6324.305005801833
-7336.788534113556
-6108.628751257636
-6602.093577497051
-6133.20535314154
-6811.646701746048
-5149.316920427363
-6532.034729182104
-6658.635836479591
-6964.331444178154
-5605.379354415894
-6168.858209642721
-6634.388926230627
-5588.571935495172
-6342.774532980888
-6510.266764347296
-6029.305869529816
-6995.9390109774395
-5830.609933624272
-6298.002172671619
-5847.466311090401
-6498.445180722443
-4914.7442598104635
-6217.323000840364
-6351.591269793175
-6633.640069487385
-5343.341586681843
-5882.259668251018
-6326.046755760678
-5730.875674313447
-6507.766715923737
-6676.827949134821
-6178.283450070089
-7172.999018738706
-5970.54525130656
-6461.487264328613
-6002.709229911685
-6666.706313517389
-5043.7089888097935
-6387.844235061371
-6514.951378928191
-6811.799689477562
-5478.662878975379
-6022.259224790637
-6481.848554439308
-6171.1032854897085
-7014.973327542439
-7205.548623503212
-6659.243587630912
-7727.391130202208
-6440.136370576638
-6962.3233404423245
-6464.077679092753
-7182.265164368586
-5433.756514987493
-6884.353007548473
-7015.736585031613
-7337.537405022956
-5900.665261665288
-6492.839874164462
-6998.522001989169
-5410.453700664125
-6150.370350713393
-6323.057632774995
-5851.983545821273
-6789.275994686223
-5654.125659869626
-6109.911110524297
-5673.219739183679
-6309.2670578917805
-4763.238414061268
-6038.342398531688
-6157.117897779366
-6441.403467967347
-5181.890709475051
-5711.584382416862
-6135.151772870531
-1759.0216042330808
-2061.39341748872
-2008.4527607500872
-1973.4448902455383
-1451.9360019005449
-1882.7136627085788
-1846.5592013492796
-1634.5901109281124
-2051.760416272525
-1850.924262815882
-1611.380149661206
-1533.5660032834028
-1157.8946904613933
-2189.982817150905
-2014.5235180246746
-1605.2258880359257
-2159.5186724390587
-2530.3702053700995
-2466.8377839520326
-2423.7203061054583
-1785.489874501806
-2309.516270078103
-2264.858828145299
-2003.0264673081026
-2517.3894206775885
-2274.433087746584
-1977.9621183760967
-1878.551766035189
-1420.111056804966
-2684.9326351826194
-2473.4118029422157
-1972.4699189426028
-1399.1324699066558
-1646.539289211713
-1598.625655213262
-1576.986368014319
-1154.452088854632
-1504.611762634855
-1465.2954688855568
-1297.1429646162335
-1632.2598770425575
-1473.3632691367272
-1286.2471217059376
-1219.03682176692
-917.9782563172585
-1742.2648437833514
-1608.7928149051847
-1280.604747258431
-1800.9037370371557
-2110.3635622158336
-2057.931697785762
-2022.7031120224326
-1488.0986395509337
-1931.0987227842813
-1891.605554613068
-1672.2668101429558
-2105.4295734424204
-1897.6538021021365
-1651.4864601724908
-1569.2336856927411
-1189.4078199883456
-2241.5542262439126
-2066.781104536607
-1646.6758574644462
-2109.904892269621
-2477.8809768634305
-2414.4752251689606
-2368.9821887494277
-1742.544073320342
-2255.355733888485
-2213.8272963006575
-1955.0410495081644
-2461.3822670863833
-2223.168482671605
-1932.7383883549433
-1831.9510818544672
-1385.4234857152005
-2626.2608940900986
-2418.720860889577
-1926.8448041098093
-1187.7705542341077
-1396.9372067983713
-1359.263503243061
-1332.4684894025759
-981.2479535960395
-1269.2261661103144
-1250.3788188304864
-1103.1772066359995
-1388.599420583096
-1253.625947628782
-1086.9859874523245
-1035.276579565023
-782.9535804338885
-1481.1740121479486
-1362.4777838947052
-1087.6133841220428
-1392.7236260206864
-1635.7035913657069
-1588.4899795098963
-1562.0170835358967
-1147.6690647017087
-1490.7707560355182
-1463.1012854895957
-1295.8779648458603
-1627.478828996603
-1469.042811712417
-1273.3448818039412
-1214.9402710091351
-917.9652567799006
-1736.432125806549
-1597.5942583306905
-1274.5349166921958
-1943.9685013650362
-2284.435404444236
-2225.2374349500697
-2183.581969044473
-1604.574189350536
-2082.06471826553
-2039.721266035481
-1803.189913696774
-2269.144549814673
-2048.6932617344173
-1782.687519678729
-1689.9095470599802
-1279.4581214999034
-2421.4023174861454
-2231.9711524162813
-1779.2084158603604
-1509.8006130955064
-1775.5575235587232
-1724.0919912999211
-1694.4182014085409
-1250.3049051430469
-1611.7721935036698
-1591.9249879574406
-1399.9351043236854
-1762.8412512268962
-1590.418177257107
-1387.117385679904
-1320.1089840416769
-991.6051174831999
-1882.9429712350093
-1731.0586244862218
-1378.1976080886677
-1411.2619408444975
-1657.887894109107
-1614.643386318029
-1586.2926894153325
-1166.1496080407003
-1512.5312927337318
-1481.9708460742527
-1312.0918187831264
-1646.8031178910442
-1487.675375757137
-1295.5610256032826
-1231.6111805527514
-929.4132739233911
-1758.8355572384353
-1619.2780038420192
-1290.8635309986496
-1460.327873723728
-1710.6328546292723
-1665.2476213440282
-1636.5778733472098
-1206.2767885660803
-1562.2292360045165
-1536.6456686992813
-1358.1317836013566
-1703.571040302862
-1535.023966064495
-1336.797932746977
-1274.759328128159
-964.7446558691249
-1819.764809111386
-1671.1625837467884
-1333.0138225661126
-1432.8454347870675
-1673.7665918603923
-1636.0203854989052
-1605.7180548986394
-1184.657420693368
-1529.6216289653696
-1496.5741135291112
-1329.021110617057
-1661.9541468125626
-1504.0430732950808
-1310.0399450078423
-1245.2610773472659
-940.6244468144768
-1777.0982399878194
-1635.7701338996314
-1310.4945988167663
-1905.530909657436
-2235.6688594128345
-2179.220727166743
-2142.1632285413875
-1575.1641714868183
-2041.151895348522
-2001.3093465209404
-1770.4029113220809
-2222.9556036948384
-2007.5440126735261
-1746.7048157454656
-1663.3462788334405
-1255.2682935451219
-2371.89229931113
-2184.9505323984044
-1742.8044149018392
-1638.155599058677
-1924.4456391544147
-1875.1635076761281
-1839.1851718867435
-1349.6566248797692
-1753.3628991094151
-1718.9141114840174
-1522.5369180948715
-1910.1888994832964
-1726.8611458562686
-1499.4613743788464
-1424.8041333937713
-1078.2045023095231
-2040.579589335378
-1877.2896307463043
-1497.1987170014506
-1026.1221023259088
-1209.4482673496602
-1174.1263071552426
-1154.8347029458673
-844.0400296982106
-1101.8237600123168
-1079.5094251673843
-955.772208085675
-1199.4809274510415
-1083.7235663882086
-939.2932541829779
-896.9238796025699
-674.7347417839514
-1281.93067194869
-1177.5102972436362
-936.758824066022
-1666.318504704297
-1955.8725836782676
-1900.8926554062066
-1868.3668294705467
-1373.8235929001848
-1782.983336718375
-1747.7067636966249
-1547.4860360188916
-1943.632765280807
-1755.2697282724864
-1522.6215499892894
-1449.017333619793
-1096.7471714284125
-2074.3767659645355
-1909.773573117754
-1525.4887929170652
-1166.4306734735187
-1374.025053715998
-1334.946161431531
-1311.4214458104493
-963.2399846045485
-1249.3463384434092
-1231.8731300317263
-1086.913316428116
-1367.883659886281
-1232.2503251802623
-1066.8255889600857
-1023.42069201131
-768.8766329084068
-1458.2511069615464
-1338.9364114730654
-1067.4030284141177
-1447.4803858608211
-1694.0277568124375
-1651.5555961097762
-1618.994695137491
-1195.5264152824848
-1544.656451754544
-1516.0325077130926
-1341.9436282740505
-1685.196813687615
-1521.3444861307019
-1321.591605435805
-1255.9977537887648
-952.5497846216902
-1799.157456188723
-1654.9413510136899
-1319.7834572260304
-1803.7988743157828
-2121.493046557132
-2063.5221776848593
-2025.848817221998
-1489.1743366630437
-1931.9595737516127
-1897.2387234857297
-1674.064703722485
-2108.554776858277
-1900.6371961552602
-1654.1227835783961
-1569.1343636293266
-1188.1611808772625
-2250.0105523173006
-2072.0648423567345
-1652.2503411573205
-1180.5030446567932
-1378.9855376818475
-1346.2900821042658
-1321.2387896017756
-975.8440279195722
-1258.7595943528559
-1237.7929119649257
-1093.6709936714208
-1371.398483487308
-1236.8034787056301
-1079.293455269317
-1025.8881921695543
-774.6716126426645
-1467.2891508035443
-1347.2805795251695
-1077.7916312514776
-2025.8933649804771
-2383.5295421531505
-2320.725206083239
-2280.685680199452
-1676.3115508866017
-2174.4386396473437
-2126.8753572032365
-1878.7423235508186
-2364.5155825181423
-2136.9922009923976
-1861.8129731534157
-1765.5802584350354
-1334.4380829804184
-2522.4667914614715
-2328.6899513203266
-1856.1913718107285
-1800.4561795697825
-2113.4738652365927
-2057.204555976387
-2023.5878037412
-1485.1756464104074
-1928.6861468842878
-1883.8255755853916
-1665.6337549436082
-2101.8173571798798
-1898.5887867136148
-1648.0672062337046
-1561.3532265180231
-1181.4552734795443
-2238.394396564439
-2066.7984495891715
-1644.8707856332235
-1586.8717908265694
-1864.0350987201252
-1814.1701635239544
-1780.2243469377108
-1309.8790022574851
-1697.8828675546526
-1667.0309178913753
-1471.7817222397562
-1853.11845430053
-1671.7235799619841
-1454.1544547469648
-1380.7521772397815
-1044.1465909115377
-1977.278399953961
-1820.143401724701
-1450.904240341206
-1309.2218965737136
-1530.781239421265
-1493.8632048024526
-1469.4079775195396
-1082.3705168595095
-1398.4483291376241
-1369.6880078089632
-1214.1843033650628
-1522.7500376509638
-1376.3870104541434
-1198.342580679608
-1139.3316616077136
-858.2752708194274
-1625.8556102540326
-1495.9504596758916
-1194.9638812549713
-1911.0293553937765
-2242.408956677305
-2183.558617002421
-2145.2582283838433
-1579.2202914498434
-2044.4353961124584
-2006.0144739772688
-1773.3332952078038
-2226.464332348674
-2010.8091784698352
-1752.4764602258235
-1663.6721237936858
-1256.7384817193447
-2378.744987922527
-2189.8056345864707
-1746.688295491214
-1567.6732691606717
-1837.8012706764205
-1791.2205630160247
-1756.6799561574535
-1293.5289165207878
-1674.2465653069312
-1644.2607582491444
-1453.267937434944
-1825.914802780301
-1650.3882978422694
-1434.447403288886
-1361.2994907909072
-1030.2924758634288
-1951.019492907362
-1793.9326515034788
-1432.510106903929
-1719.2768611478837
-2017.4630040592185
-1964.4093455364996
-1930.2136281169203
-1417.6936329118112
-1840.4024303390252
-1805.600099100497
-1598.6223917738505
-2005.1669799741564
-1811.691995219901
-1574.5406534767
-1499.8948871246341
-1131.6152005273389
-2142.4267148377808
-1969.9913370075894
-1572.309017345566
-1253.9432571860214
-1470.951874552572
-1435.7339147016255
-1410.1726368307632
-1035.5064983924015
-1344.2182459646565
-1314.7577142730051
-1166.5654277753163
-1461.803762051517
-1321.969904437482
-1149.549397191356
-1093.960681052301
-825.5009950096289
-1561.5932221984106
-1437.3590884357511
-1145.6532264693146
-1215.4321478973634
-1423.9762513647916
-1388.2498714834323
-1363.566724714872
-1004.8989379140801
-1299.7429161710268
-1275.0257857172576
-1129.621224102506
-1415.164194384091
-1279.0650549883087
-1114.0083039646388
-1059.6809166038781
-800.0189055279571
-1512.924078856792
-1391.439328576737
-1108.633890543511
-1567.9504623661069
-1837.4048022945985
-1791.4547463441102
-1757.5443069094388
-1295.6465588250458
-1676.074146675689
-1643.8304876421946
-1454.9844913906152
-1826.9620216209148
-1651.4778659832473
-1435.0602009592749
-1361.5472906552982
-1031.9735877166818
-1950.2091844774936
-1795.6600647430414
-1432.464915222755
-1182.631266495703
-1390.1367816226675
-1355.6902667472584
-1332.837335779316
-975.9822239557968
-1272.086315095965
-1234.952717666372
-1094.3881043337085
-1379.6782074118298
-1248.0733271486004
-1086.3961266202186
-1025.7637752662088
-778.8938855588275
-1470.6708392447263
-1361.1634610921785
-1083.647418457993
-1163.5024218610001
-1365.0117407330483
-1332.8692028045903
-1305.7751031175515
-960.7608351555825
-1244.42006700462
-1223.4663841223967
-1082.6277355237658
-1357.9151266889326
-1225.4182331658008
-1066.7401191276308
-1014.6470688694826
-767.6167323860232
-1450.260779374014
-1331.6478822086772
-1062.0600853691876
-1248.469602233932
-1456.5995082826123
-1422.014957566471
-1395.3257489680905
-1031.531864530714
-1327.8909129469218
-1307.5154700281103
-1154.9128434411048
-1454.1130376723486
-1312.1943537143093
-1138.418438095117
-1080.495444642514
-820.1157188857279
-1550.1623257847846
-1423.4099035223574
-1135.2740867356545
-1359.477441127101
-1592.6893975340377
-1550.371051917109
-1525.3669956790782
-1121.2083997313407
-1453.4200358505132
-1422.2990490819448
-1257.8530426581929
-1584.1132699159916
-1429.5195915169286
-1243.3902416708236
-1179.7750644028586
-891.6386584258017
-1689.5252017350824
-1554.859575594698
-1239.4530518297381
-2259.4194133373376
-2642.2094735971377
-2576.4677125073463
-2530.8540256571277
-1867.1642015896325
-2414.5943432671525
-2372.0618592606033
-2095.5449997359424
-2633.7561782534385
-2375.1275221956644
-2068.041866570435
-1967.3911826606623
-1489.63503446382
-2810.466370241945
-2584.692362480787
-2061.455983461166
-1589.7701190945668
-1864.4854724200698
-1814.3203666009558
-1780.713834415569
-1310.1712947342007
-1697.6888476341678
-1665.7280908976795
-1474.4373432953992
-1852.294709407633
-1670.9035237055036
-1451.1964670075745
-1381.6746665010523
-1044.8173708911963
-1978.5586254532925
-1818.745115317372
-1450.551602868908
-1280.4678195565216
-1497.8010971818971
-1463.2850449044183
-1433.5188881302204
-1057.9292168714833
-1367.1358528427388
-1341.4278270279756
-1185.9649304915047
-1489.4393831150292
-1346.3607428580463
-1171.1750875409443
-1112.3529941261652
-842.5276441495876
-1592.275061434583
-1463.800826982597
-1168.4689229292508
-1083.5261341866544
-1263.5613458306589
-1233.8703560088773
-1211.3678070086878
-895.9032502274763
-1152.9780018789652
-1131.6645317439866
-1002.275022134345
-1258.7222480959738
-1139.3137410522957
-988.6789729610921
-939.0176855080944
-710.1721980154144
-1343.5919738054336
-1235.5632115799913
-985.8969135874328
-1334.9637566213603
-1568.1694527856541
-1528.4127748631386
-1500.831549606927
-1102.6873962392124
-1429.916976012845
-1399.9288511330706
-1237.5872304586624
-1558.2833408182466
-1409.3276658709165
-1224.8492109064814
-1158.3608286935455
-877.079618575799
-1661.2047222442695
-1532.5108286502361
-1219.9902339059297
-1556.149248888699
-1819.9518257621648
-1777.2279271177608
-1743.8464969235881
-1284.1923342165724
-1662.4258893655378
-1627.0483303141045
-1442.4859572388175
-1807.1583356703118
-1635.8328170228353
-1422.6590640989043
-1350.560946576281
-1022.9925493399478
-1933.27107241711
-1778.6297028365905
-1423.3331664710684
-2022.3382181709192
-2373.594819111748
-2310.489009296249
-2271.009146569589
-1669.4827880694686
-2164.8016460599833
-2123.091793936079
-1876.0004787243715
-2360.677701196289
-2131.043560503168
-1851.2062814922185
-1761.5423609990742
-1329.6681576269336
-2517.039382582393
-2318.2868145624334
-1848.94648728971
-802.3890737801223
-935.3179517625284
-914.4932956305211
-898.7271732770207
-662.2553799180502
-858.4954167003953
-839.3096688193816
-745.9052130315904
-934.6273681860922
-842.9842484042144
-733.1991134975538
-698.1295028665114
-530.6717782001749
-996.6424881021193
-915.8808262883483
-731.5584220078415
-1484.6686951041959
-1741.994375925187
-1695.9431268863343
-1665.7759181230176
-1225.7184262336361
-1588.6715430783179
-1556.2139932421744
-1377.4308936033067
-1730.0303265656025
-1563.1063314460152
-1358.4332230777595
-1291.396404874021
-977.8472569160378
-1846.441404983677
-1700.1553292000274
-1358.0728381146093
-1792.1457263470336
-2101.079539571307
-2047.2039638814965
-2007.966514077283
-1478.1850584322226
-1916.8504552223267
-1883.5072794020416
-1663.343073893182
-2091.392117887114
-1886.685195601341
-1639.9471819523317
-1560.6836356884405
-1183.790887036978
-2232.668657738503
-2053.5629490421893
-1639.93417871965
-1422.7832262500094
-1674.1231057484588
-1623.689199558088
-1597.5638654727888
-1176.1141206241084
-1524.3922433027094
-1494.6894150065407
-1319.7451845517908
-1662.9622408122696
-1500.825838485
-1304.609505398653
-1238.3087763352248
-935.9123501221975
-1771.5379817405333
-1636.2125819801079
-1304.9268573760735
-1470.345921854407
-1729.9727966100738
-1679.361991705745
-1656.535082198401
-1213.2689477767815
-1579.7761684361078
-1545.1322900185367
-1369.841567609509
-1719.059771783061
-1552.1913666565852
-1348.3814057222046
-1287.5070520887489
-968.9092424683496
-1833.5959194323582
-1688.4359490047182
-1341.9718888545365
-1490.5141684350278
-1751.1170276941925
-1702.8790264791944
-1673.245167607168
-1229.5721737607716
-1598.311964400096
-1568.224295684713
-1387.5242087517104
-1741.2255413721762
-1571.166979958115
-1366.031187126629
-1302.3320314886748
-984.2738590475723
-1858.5882892790585
-1711.0182877999046
-1364.3177498956798
-1743.8348349845373
-2042.7412205002468
-1990.2070048671364
-1957.0642189208559
-1439.8041906469575
-1867.253310139604
-1828.9675861259775
-1621.1963482824412
-2034.7979893280988
-1836.740110953876
-1593.8709064455272
-1518.4529628025052
-1149.8589295021397
-2169.5043780443125
-1996.2855821206228
-1591.660929574859
-1206.036505446627
-1410.1124423055476
-1373.3031183901196
-1348.3243553884136
-997.627760177669
-1284.2674569159237
-1265.0397687268764
-1119.3776853341747
-1402.890826421088
-1268.162763401457
-1101.674993748735
-1050.3517032576444
-791.6323543974623
-1500.7034164877211
-1375.8509770917976
-1097.1785740730156
-1329.8392141143388
-1557.8009904926025
-1517.709595208374
-1492.4827453415521
-1097.4084120005505
-1424.1074842443668
-1395.6698232396695
-1235.4244944246511
-1553.2446152657828
-1401.1492670783432
-1215.5751354623262
-1159.7949612290593
-876.2093598950659
-1655.6461392502606
-1523.400830748229
-1211.3518829358313
-1227.972957364066
-1430.5099764947558
-1397.901094571208
-1370.5216714391313
-1016.5942407013952
-1304.9078243677172
-1290.6515405948
-1139.5325486978775
-1428.1169053740189
-1287.617852066259
-1120.3345163621261
-1071.8275553174728
-808.8301759176402
-1527.3427756580365
-1397.7884204845973
-1117.8721089022367
-1116.5668469228858
-1305.3281934265115
-1271.1196075036976
-1251.4403027319374
-920.9123910016228
-1193.0932524379323
-1169.3850284046257
-1034.613403064602
-1300.852084800615
-1172.8369145977865
-1021.3274306590282
-969.8274654102199
-734.9334194083018
-1388.2398268452657
-1275.8717113582638
-1020.2305260564763
-1726.277604574724
-2028.0479480823296
-1971.584205051213
-1938.453686842647
-1422.8024480294741
-1846.638292937884
-1811.5207945781945
-1603.8344740406317
-2014.8051002101884
-1820.3462552417582
-1578.3604804928264
-1503.174582739759
-1132.8159360064142
-2151.040916456195
-1978.0552000444359
-1575.079576783508
-1800.1332881133615
-2107.4922464320093
-2053.0500943280085
-2018.111770505752
-1490.9353277444275
-1926.304711695282
-1892.690554865167
-1671.0625883480636
-2104.6629442703124
-1896.4838822199567
-1649.0053282708718
-1570.6990314173481
-1188.6296642667762
-2241.320912877066
-2062.870990384432
-1639.081145832259
-1473.863606257444
-1729.528359105465
-1680.171393972145
-1651.9043899335838
-1215.691401833149
-1574.986790682703
-1544.6418192741785
-1367.238802346174
-1717.5381914748516
-1552.3380971741467
-1347.1904902816843
-1281.2171197871037
-968.1843750827437
-1834.181195938009
-1687.5748070831698
-1345.8515510804878
-1122.6528050547063
-1313.6226208577416
-1279.0628457307541
-1256.7288248997113
-928.6778227407183
-1196.7153117423773
-1176.6404013258039
-1040.4057640517008
-1306.7704881368272
-1180.1361955303287
-1025.1688478424073
-977.2598460889088
-736.8157957876562
-1395.0984353808335
-1281.1126028459714
-1023.391332382452
-908.7282298742505
-1064.1492087919307
-1037.8236238785478
-1016.522726864542
-750.6892758442914
-969.595241119256
-953.6955665685648
-840.3641068215478
-1058.7345350969222
-956.3479988295408
-832.4166355148951
-788.6228026140923
-597.1342809305928
-1130.3178670229963
-1040.342015525194
-827.5356427813466
-1797.2446985636711
-2104.523901375882
-2049.5112977676135
-2012.2525682542612
-1482.9140755434082
-1917.3257289175097
-1882.6378106470006
-1664.5460258670334
-2091.806400176888
-1888.0938756974465
-1641.7387229236151
-1560.8510443534126
-1179.4793421884538
-2235.0495250557815
-2054.9730040068366
-1639.8695214114405
-1930.3226748101226
-2262.9265102458244
-2205.5075072925342
-2168.706798214629
-1592.6606583224575
-2068.394132355016
-2022.2737299199011
-1790.2544040560085
-2249.9230309056306
-2032.932686348753
-1768.1264153580296
-1680.3846729423196
-1268.643588408513
-2401.4826252908733
-2211.4377419840566
-1762.2644068233863
-1672.3298730662832
-1962.516206909953
-1907.5125632686222
-1874.540523512464
-1380.2696232677674
-1788.7711174824074
-1758.8296966221214
-1554.8404008729667
-1952.9620258257114
-1760.176615221555
-1529.7829192846173
-1460.7655757543803
-1101.9624262128573
-2084.9571624281407
-1915.2846045122515
-1526.2184121304115
-1713.6538006502701
-2007.0686404526293
-1954.846798520935
-1919.1939221003315
-1415.5789086362875
-1831.4317807521738
-1794.810651984346
-1586.7886013316788
-1995.6165257541415
-1803.555147194254
-1568.1347080469259
-1487.614463582607
-1125.9332465459363
-2130.3378540532326
-1962.6206997140616
-1563.2123144947652
-1992.6137359957308
-2341.322506373934
-2280.1251062327647
-2241.646651945795
-1646.5905390513358
-2135.5526214479505
-2091.7533225461066
-1845.0520725061003
-2328.1262407271056
-2101.4349936100107
-1827.1751238879651
-1734.0032186085589
-1308.6394960272178
-2481.4605984841455
-2286.575731468823
-1817.4367449888136
-1270.056238632491
-1489.54557388076
-1451.1400140891355
-1425.9730244660077
-1049.7609792402054
-1358.5312234700918
-1334.6960089630606
-1177.7888212823277
-1483.7374109440948
-1337.8068950015304
-1162.9543674000229
-1106.0832302138733
-835.646320563729
-1580.0722411951679
-1454.8871937580168
-1158.0947455511848
-1702.4176721181486
-1992.0489617131323
-1944.4285914569332
-1908.8724833909469
-1406.4691046451314
-1820.4785492692697
-1784.0729700956003
-1579.2311105700346
-1982.5640592092793
-1790.781622207437
-1558.2931360485024
-1481.8392143600745
-1120.7507988390487
-2116.24205734841
-1948.0049217581102
-1554.031745352053
-8936.06292592517
-9910.611369315857
-9780.801143081833
-7705.439522800792
-8592.304502215411
-10093.724992813964
-10558.830745097675
-10520.757267388448
-11220.305270539899
-9501.199944165879
-12439.780386711142
-12304.220291587548
-9936.656444508251
-9740.72299042036
-8844.108675608679
-9562.723572344521
-7671568781.132785
-8996313783.538363
-8762435937.276073
-8607786870.041348
-6335064888.803853
-8206739993.658032
-8049315265.178068
-7118862730.436531
-8946639196.163967
-8078017869.332452
-7023624582.651733
-6678106967.022354
-5047769970.588068
-9548668620.004215
-8788180367.574837
-7007284632.520627
-0.006889769329523489
-0.006757561435428688
-0.006727682306805895
-0.006390143798721558
-0.006839524685735266
-0.00680570945872608
-0.006105783045856452
-0.006687720232276892
-0.006340246026642069
-0.00590436085635083
-0.006316347496975702
-0.006678944910676176
-0.007305217365406861
-0.006607483766219103
-0.0067294067586555605
-0.006065930762928489
-0.005976930987078991
-0.006533738474545182
-0.006167260944665169
-0.006396605291115287
-0.007143331760109496
-0.0068903232587129324
-0.006336398282021765
-0.005889009302496779
-0.006720931398732878
-0.007216565270725689
-0.006113845329601306
-0.006268004443348171
-0.006789963937070796
-0.005985276438647061
-0.006433589133580591
-0.00668705063181918
-0.006877422615033477
-0.00664141880569878
-0.006726550207433316
-0.0065635187873408305
-0.0061940370155098715
-0.006624996135358656
-0.006636324394372823
-0.00648443353051337
-0.006759929468940729
-0.006723589528371835
-0.0067856246275602855
-0.007159711013454616
-0.0063658708536340515
-0.006217245477381651
-0.0066258993306408664
-0.006316236290384846
-0.007033031981099166
-0.0069531559283159145
-0.0068806517515342365
-0.0061860016623023215
-0.006368682699156241
-0.006642719166117924
-0.0062163657191853265
-0.006856606335716346
-0.006878142561736424
-0.00674019986176992
-0.0067955533007534865
-0.006859106043515183
-0.006378783359211551
-0.006097547306963318
-0.006229429551942772
-0.006250043985612681
